
X =

    0.1000    0.5000
    0.1000    0.6000
    0.2000    0.4000


y =

    0.1000
    0.4000
    0.8000


U =

   -0.5632   -0.2216   -0.7960
   -0.6705   -0.4404    0.5970
   -0.4829    0.8700    0.0995


S =

    0.9042         0
         0    0.1111
         0         0


V =

   -0.2432    0.9700
   -0.9700   -0.2432


A =

   -0.5632   -0.2216
   -0.6705   -0.4404
   -0.4829    0.8700


P =

    0.3663    0.4752    0.0792
    0.4752    0.6436   -0.0594
    0.0792   -0.0594    0.9901


yx =

    0.2901
    0.2574
    0.7762


w =

   -0.0800
    0.0600
    0.0100


w =

   -0.7960
    0.5970
    0.0995

   diary off
